FGSM:
0.001:
[(0.702, 0.653, 0.0698), (0.78, 0.712, 0.08718), (0.668, 0.633, 0.0524), (0.69, 0.508, 0.26377), (0.731, 0.678, 0.0725), (0.725, 0.664, 0.08414), (0.711, 0.652, 0.08298), (0.731, 0.67, 0.08345)],
0.003:
[(0.702, 0.548, 0.21937), (0.78, 0.581, 0.25513), (0.668, 0.565, 0.15419), (0.69, 0.233, 0.66232), (0.731, 0.571, 0.21888), (0.725, 0.545, 0.24828), (0.711, 0.533, 0.25035), (0.731, 0.548, 0.25034)],
0.005:
[(0.702, 0.446, 0.36467), (0.78, 0.476, 0.38974), (0.668, 0.497, 0.25599), (0.69, 0.094, 0.86377), (0.731, 0.473, 0.35294), (0.725, 0.436, 0.39862), (0.711, 0.43, 0.39522), (0.731, 0.432, 0.40903)],
0.008:
[(0.702, 0.317, 0.54843), (0.78, 0.356, 0.54359), (0.668, 0.402, 0.3982), (0.69, 0.02, 0.97101), (0.731, 0.341, 0.53352), (0.725, 0.295, 0.5931), (0.711, 0.299, 0.57947), (0.731, 0.341, 0.53352)],
0.1:
[(0.702, 0.066, 0.90598), (0.78, 0.113, 0.85513), (0.668, 0.003, 0.99551), (0.69, 0.003, 0.99565), (0.731, 0.005, 0.99316), (0.725, 0.161, 0.77793), (0.711, 0.113, 0.84107), (0.731, 0.333, 0.54446)]}


regular:
test_batch:
{
0.02:
{'shift': [(0.702, 0.7, 0.00285), (0.78, 0.781, -0.00128), (0.668, 0.67, -0.00299), (0.69, 0.688, 0.0029), (0.731, 0.73, 0.00137), (0.725, 0.725, 0.0), (0.711, 0.71, 0.00141), (0.731, 0.73, 0.00137)],
'random_shift': [(0.702, 0.702, 0.0), (0.78, 0.778, 0.00256), (0.668, 0.665, 0.00449), (0.69, 0.688, 0.0029), (0.731, 0.731, 0.0), (0.725, 0.724, 0.00138), (0.711, 0.709, 0.00281), (0.731, 0.732, -0.00137)]},
0.04:
{'shift': [(0.702, 0.698, 0.0057), (0.78, 0.779, 0.00128), (0.668, 0.67, -0.00299), (0.69, 0.686, 0.0058), (0.731, 0.729, 0.00274), (0.725, 0.725, 0.0), (0.711, 0.708, 0.00422), (0.731, 0.73, 0.00137)],
'random_shift': [(0.702, 0.702, 0.0), (0.78, 0.766, 0.01795), (0.668, 0.652, 0.02395), (0.69, 0.682, 0.01159), (0.731, 0.726, 0.00684), (0.725, 0.718, 0.00966), (0.711, 0.702, 0.01266), (0.731, 0.724, 0.00958)]}
0.06:
{'shift': [(0.702, 0.695, 0.00997), (0.78, 0.776, 0.00513), (0.668, 0.671, -0.00449), (0.69, 0.68, 0.01449), (0.731, 0.724, 0.00958), (0.725, 0.724, 0.00138), (0.711, 0.704, 0.00985), (0.731, 0.726, 0.00684)],
'random_shift': [(0.702, 0.696, 0.00855), (0.78, 0.734, 0.05897), (0.668, 0.636, 0.0479), (0.69, 0.654, 0.05217), (0.731, 0.723, 0.01094), (0.725, 0.708, 0.02345), (0.711, 0.695, 0.0225), (0.731, 0.714, 0.02326)]},
0.08:
{'shift': [(0.702, 0.693, 0.01282), (0.78, 0.773, 0.00897), (0.668, 0.671, -0.00449), (0.69, 0.673, 0.02464), (0.731, 0.721, 0.01368), (0.725, 0.722, 0.00414), (0.711, 0.697, 0.01969), (0.731, 0.723, 0.01094)],
'random_shift': [(0.702, 0.684, 0.02564), (0.78, 0.683, 0.12436), (0.668, 0.615, 0.07934), (0.69, 0.622, 0.09855), (0.731, 0.708, 0.03146), (0.725, 0.691, 0.0469), (0.711, 0.68, 0.0436), (0.731, 0.7, 0.04241)]},
0.1:
{'shift': [(0.702, 0.689, 0.01852), (0.78, 0.769, 0.0141), (0.668, 0.669, -0.0015), (0.69, 0.667, 0.03333), (0.731, 0.718, 0.01778), (0.725, 0.721, 0.00552), (0.711, 0.693, 0.02532), (0.731, 0.721, 0.01368)],
'random_shift': [(0.702, 0.672, 0.04274), (0.78, 0.615, 0.21154), (0.668, 0.581, 0.13024), (0.69, 0.572, 0.17101), (0.731, 0.693, 0.05198), (0.725, 0.672, 0.0731), (0.711, 0.661, 0.07032), (0.731, 0.68, 0.06977)]},
0.12:
{'shift': [(0.702, 0.684, 0.02564), (0.78, 0.767, 0.01667), (0.668, 0.669, -0.0015), (0.69, 0.656, 0.04928), (0.731, 0.712, 0.02599), (0.725, 0.716, 0.01241), (0.711, 0.686, 0.03516), (0.731, 0.718, 0.01778)],
'random_shift': [(0.702, 0.653, 0.0698), (0.78, 0.545, 0.30128), (0.668, 0.545, 0.18413), (0.69, 0.519, 0.24783), (0.731, 0.678, 0.0725), (0.725, 0.649, 0.10483), (0.711, 0.639, 0.10127), (0.731, 0.652, 0.10807)]},
0.14:
{'shift': [(0.702, 0.679, 0.03276), (0.78, 0.763, 0.02179), (0.668, 0.667, 0.0015), (0.69, 0.648, 0.06087), (0.731, 0.712, 0.02599), (0.725, 0.712, 0.01793), (0.711, 0.683, 0.03938), (0.731, 0.714, 0.02326)],
'random_shift': [(0.702, 0.633, 0.09829), (0.78, 0.482, 0.38205), (0.668, 0.505, 0.24401), (0.69, 0.462, 0.33043), (0.731, 0.648, 0.11354), (0.725, 0.623, 0.14069), (0.711, 0.616, 0.13361), (0.731, 0.616, 0.15732)]},
0.16:
{'shift': [(0.702, 0.673, 0.04131), (0.78, 0.76, 0.02564), (0.668, 0.664, 0.00599), (0.69, 0.638, 0.07536), (0.731, 0.706, 0.0342), (0.725, 0.707, 0.02483), (0.711, 0.676, 0.04923), (0.731, 0.712, 0.02599)],
'random_shift': [(0.702, 0.61, 0.13105), (0.78, 0.424, 0.45641), (0.668, 0.47, 0.29641), (0.69, 0.414, 0.4), (0.731, 0.62, 0.15185), (0.725, 0.598, 0.17517), (0.711, 0.592, 0.16737), (0.731, 0.589, 0.19425)]},
0.18:
 {'shift': [(0.702, 0.666, 0.05128), (0.78, 0.756, 0.03077), (0.668, 0.66, 0.01198), (0.69, 0.626, 0.09275), (0.731, 0.701, 0.04104), (0.725, 0.703, 0.03034), (0.711, 0.669, 0.05907), (0.731, 0.706, 0.0342)],
'random_shift': [(0.702, 0.584, 0.16809), (0.78, 0.38, 0.51282), (0.668, 0.43, 0.35629), (0.69, 0.368, 0.46667), (0.731, 0.59, 0.19289), (0.725, 0.571, 0.21241), (0.711, 0.564, 0.20675), (0.731, 0.558, 0.23666)]},
0.2:
{'shift': [(0.702, 0.658, 0.06268), (0.78, 0.754, 0.03333), (0.668, 0.655, 0.01946), (0.69, 0.615, 0.1087), (0.731, 0.697, 0.04651), (0.725, 0.698, 0.03724), (0.711, 0.662, 0.06892), (0.731, 0.7, 0.04241)],
'random_shift': [(0.702, 0.561, 0.20085), (0.78, 0.345, 0.55769), (0.668, 0.399, 0.40269), (0.69, 0.341, 0.5058), (0.731, 0.553, 0.2435), (0.725, 0.543, 0.25103), (0.711, 0.538, 0.24332), (0.731, 0.524, 0.28317)]}
}


data_batch:
{
0.02:
{'shift': [(0.972, 0.97, 0.00206), (0.847, 0.847, 0.0), (0.724, 0.725, -0.00138), (0.99, 0.988, 0.00202), (0.968, 0.968, 0.0), (0.996, 0.996, 0.0), (0.989, 0.986, 0.00303), (1.0, 1.0, 0.0)],
'random_shift': [(0.972, 0.97, 0.00206), (0.847, 0.845, 0.00236), (0.724, 0.72, 0.00552), (0.99, 0.988, 0.00202), (0.968, 0.967, 0.00103), (0.996, 0.995, 0.001), (0.989, 0.987, 0.00202), (1.0, 1.0, 0.0)]},
0.04:
{'shift': [(0.972, 0.966, 0.00617), (0.847, 0.844, 0.00354), (0.724, 0.727, -0.00414), (0.99, 0.984, 0.00606), (0.968, 0.967, 0.00103), (0.996, 0.995, 0.001), (0.989, 0.984, 0.00506), (1.0, 1.0, 0.0)],
'random_shift': [(0.972, 0.966, 0.00617), (0.847, 0.829, 0.02125), (0.724, 0.704, 0.02762), (0.99, 0.976, 0.01414), (0.968, 0.963, 0.00517), (0.996, 0.988, 0.00803), (0.989, 0.982, 0.00708), (1.0, 0.998, 0.002)]},
0.06:
{'shift': [(0.972, 0.96, 0.01235), (0.847, 0.842, 0.0059), (0.724, 0.728, -0.00552), (0.99, 0.978, 0.01212), (0.968, 0.964, 0.00413), (0.996, 0.994, 0.00201), (0.989, 0.98, 0.0091), (1.0, 0.999, 0.001)],
'random_shift': [(0.972, 0.957, 0.01543), (0.847, 0.789, 0.06848), (0.724, 0.683, 0.05663), (0.99, 0.94, 0.05051), (0.968, 0.949, 0.01963), (0.996, 0.968, 0.02811), (0.989, 0.966, 0.02326), (1.0, 0.991, 0.009)]},
0.08:
{'shift': [(0.972, 0.954, 0.01852), (0.847, 0.839, 0.00945), (0.724, 0.727, -0.00414), (0.99, 0.968, 0.02222), (0.968, 0.959, 0.0093), (0.996, 0.992, 0.00402), (0.989, 0.974, 0.01517), (1.0, 0.998, 0.002)],
'random_shift': [(0.972, 0.937, 0.03601), (0.847, 0.732, 0.13577), (0.724, 0.656, 0.09392), (0.99, 0.875, 0.11616), (0.968, 0.928, 0.04132), (0.996, 0.942, 0.05422), (0.989, 0.942, 0.04752), (1.0, 0.969, 0.031)]},
0.1:
{'shift': [(0.972, 0.948, 0.02469), (0.847, 0.835, 0.01417), (0.724, 0.726, -0.00276), (0.99, 0.957, 0.03333), (0.968, 0.953, 0.0155), (0.996, 0.988, 0.00803), (0.989, 0.965, 0.02427), (1.0, 0.997, 0.003)],
'random_shift': [(0.972, 0.911, 0.06276), (0.847, 0.657, 0.22432), (0.724, 0.617, 0.14779), (0.99, 0.794, 0.19798), (0.968, 0.901, 0.06921), (0.996, 0.899, 0.09739), (0.989, 0.907, 0.08291), (1.0, 0.932, 0.068)]},
0.12:
{'shift': [(0.972, 0.938, 0.03498), (0.847, 0.831, 0.01889), (0.724, 0.723, 0.00138), (0.99, 0.944, 0.04646), (0.968, 0.946, 0.02273), (0.996, 0.983, 0.01305), (0.989, 0.957, 0.03236), (1.0, 0.994, 0.006)],
'random_shift': [(0.972, 0.874, 0.10082), (0.847, 0.582, 0.31287), (0.724, 0.579, 0.20028), (0.99, 0.698, 0.29495), (0.968, 0.866, 0.10537), (0.996, 0.857, 0.13956), (0.989, 0.861, 0.12942), (1.0, 0.885, 0.115)]},
0.14:
{'shift': [(0.972, 0.926, 0.04733), (0.847, 0.827, 0.02361), (0.724, 0.719, 0.00691), (0.99, 0.927, 0.06364), (0.968, 0.939, 0.02996), (0.996, 0.976, 0.02008), (0.989, 0.946, 0.04348), (1.0, 0.99, 0.01)],
'random_shift': [(0.972, 0.834, 0.14198), (0.847, 0.513, 0.39433), (0.724, 0.535, 0.26105), (0.99, 0.611, 0.38283), (0.968, 0.822, 0.15083), (0.996, 0.806, 0.19076), (0.989, 0.82, 0.17088), (1.0, 0.83, 0.17)]},
0.16:
{'shift': [(0.972, 0.912, 0.06173), (0.847, 0.821, 0.0307), (0.724, 0.716, 0.01105), (0.99, 0.909, 0.08182), (0.968, 0.93, 0.03926), (0.996, 0.968, 0.02811), (0.989, 0.934, 0.05561), (1.0, 0.985, 0.015)],
'random_shift': [(0.972, 0.794, 0.18313), (0.847, 0.444, 0.4758), (0.724, 0.492, 0.32044), (0.99, 0.526, 0.46869), (0.968, 0.772, 0.20248), (0.996, 0.764, 0.23293), (0.989, 0.768, 0.22346), (1.0, 0.777, 0.223)]},
0.18:
{'shift': [(0.972, 0.896, 0.07819), (0.847, 0.817, 0.03542), (0.724, 0.709, 0.02072), (0.99, 0.887, 0.10404), (0.968, 0.92, 0.04959), (0.996, 0.957, 0.03916), (0.989, 0.92, 0.06977), (1.0, 0.977, 0.023)],
'random_shift': [(0.972, 0.744, 0.23457), (0.847, 0.392, 0.53719), (0.724, 0.442, 0.3895), (0.99, 0.461, 0.53434), (0.968, 0.72, 0.2562), (0.996, 0.717, 0.28012), (0.989, 0.729, 0.26289), (1.0, 0.716, 0.284)]},
0.2:
{'shift': [(0.972, 0.883, 0.09156), (0.847, 0.814, 0.03896), (0.724, 0.704, 0.02762), (0.99, 0.866, 0.12525), (0.968, 0.908, 0.06198), (0.996, 0.947, 0.0492), (0.989, 0.907, 0.08291), (1.0, 0.969, 0.031)],
'random_shift': [(0.972, 0.697, 0.28292), (0.847, 0.352, 0.58442), (0.724, 0.406, 0.43923), (0.99, 0.395, 0.60101), (0.968, 0.671, 0.30682), (0.996, 0.672, 0.3253), (0.989, 0.678, 0.31446), (1.0, 0.663, 0.337)]}
}
